100
829
0
5
5.1
5.2
5.3
5.4
5.5
5.6
5.7
5.8
5.9
6
6.1
6.2
6.3
6.4
6.5
6.6
6.7
6.8
6.9
7
7.1
7.2
7.3
7.4
7.5
7.6
7.7
7.8
7.9
8
8.1
8.2
8.25
8.4
8.5
8.6
8.7
8.75
8.9
9
9.375
9.4
9.425
11
11.375
11.4
11.425
13
13.375
13.4
13.425
15
15.025
15.375
15.4
17
17.375
17.4
19
19.375
19.4
21
21.375
21.4
23
23.025
23.375
23.4
23.425
25
25.05
25.1
25.15
25.2
25.25
25.3
25.35
25.375
25.425
25.475
25.525
25.575
25.625
25.675
25.725
25.775
25.825
25.875
25.925
25.975
26.025
26.075
26.125
26.175
26.225
26.275
26.325
26.375
26.425
26.475
26.525
26.575
26.625
26.675
26.725
26.775
26.825
26.875
27
27.05
27.1
27.15
27.2
27.25
27.3
27.35
27.375
27.425
27.475
27.525
27.575
27.625
27.675
27.725
27.775
27.825
27.875
27.925
27.975
28.025
28.075
28.125
28.175
28.225
28.275
28.325
28.375
28.425
28.475
28.525
28.575
28.625
28.675
28.725
28.775
28.825
28.875
29
29.05
29.1
29.15
29.2
29.25
29.3
29.375
29.425
29.475
29.525
29.575
29.625
29.675
29.725
29.775
29.825
29.875
29.925
29.975
30.025
30.075
30.125
30.175
30.225
30.275
30.325
30.375
30.425
30.475
30.525
30.575
30.625
30.675
30.725
30.775
30.825
30.875
31
31.05
31.1
31.15
31.2
31.25
31.375
31.425
31.475
31.525
31.575
31.625
31.675
31.725
31.775
31.825
31.875
31.925
31.975
32
32.05
32.1
32.15
32.2
32.25
32.3
32.35
32.4
32.45
32.5
32.55
32.6
32.65
32.7
32.75
32.8
32.85
32.9
32.95
33
33.375
33.425
33.475
33.525
33.575
33.625
33.675
33.725
33.775
33.825
33.875
33.925
33.975
34
34.05
34.1
34.15
34.2
34.25
34.3
34.35
34.4
34.45
34.5
34.55
34.6
34.65
34.7
34.75
34.8
34.85
35
35.375
35.425
35.475
35.525
35.575
35.625
35.675
35.725
35.775
35.825
35.875
35.925
35.975
36.025
36.075
36.125
36.175
36.225
36.275
36.325
36.375
36.425
36.475
36.525
36.575
36.625
36.675
36.725
36.775
36.825
36.875
37
37.375
37.425
37.475
37.525
37.575
37.625
37.675
37.725
37.775
37.825
37.875
37.925
37.975
38.025
38.075
38.125
38.175
38.225
38.275
38.325
38.375
38.425
38.475
38.525
38.575
38.625
38.675
38.725
38.775
38.825
38.875
39
39.05
39.1
39.15
39.2
39.25
39.375
39.425
39.475
39.525
39.575
39.625
39.675
39.725
39.775
39.825
39.875
39.925
39.975
40
40.025
40.075
40.125
40.175
40.225
40.275
40.325
40.375
40.425
40.475
40.525
40.575
40.625
40.675
40.725
40.775
40.825
40.875
40.925
40.975
45
45.1
45.2
45.3
45.4
45.5
45.6
45.7
45.8
45.9
46
46.1
46.2
46.3
46.4
46.5
46.6
46.7
46.8
46.9
47
47.1
47.2
47.3
47.4
47.5
47.6
47.7
47.8
47.9
48
48.05
48.1
48.15
48.2
48.25
48.3
48.35
48.4
48.45
48.5
48.55
48.6
48.65
48.7
48.75
48.8
48.85
48.9
48.95
49
49.125
49.375
49.4
49.625
49.75
50
50.125
50.325
50.35
50.375
50.625
50.75
51
51.125
51.375
51.4
51.425
51.625
51.75
52
52.125
52.25
52.375
52.625
52.75
53
53.375
53.38
53.385
54
54.125
54.375
54.38
54.625
54.75
55
55.05
55.1
55.375
55.38
55.385
56
56.125
56.25
56.375
56.625
56.75
57.25
57.75
58.25
58.75
59.25
59.75
60.25
60.75
61
61.125
61.25
61.375
61.5
61.625
61.75
61.875
62
62.25
62.5
62.75
63
63.125
63.25
63.375
63.5
63.625
63.75
63.875
64
64.25
64.5
64.75
65
65.05
65.1
65.125
65.15
65.2
65.25
65.3
65.35
65.375
65.4
65.45
65.5
65.55
65.6
65.625
65.65
65.7
65.75
65.8
65.85
65.9
65.95
66
66.05
66.1
66.125
66.15
66.2
66.25
66.3
66.35
66.375
66.4
66.45
66.5
66.55
66.6
66.625
66.65
66.7
66.75
66.8
66.85
66.9
66.95
67
67.05
67.1
67.125
67.15
67.2
67.25
67.3
67.35
67.375
67.4
67.45
67.5
67.55
67.6
67.625
67.65
67.7
67.75
67.8
67.85
67.9
67.95
68
68.05
68.1
68.125
68.15
68.2
68.25
68.3
68.35
68.375
68.4
68.45
68.5
68.55
68.6
68.625
68.65
68.7
68.75
68.8
68.85
69
69.05
69.1
69.125
69.15
69.2
69.25
69.3
69.35
69.375
69.4
69.45
69.5
69.55
69.6
69.625
69.65
69.7
69.75
69.8
69.85
69.9
69.95
70
70.05
70.1
70.125
70.15
70.2
70.25
70.3
70.35
70.375
70.4
70.45
70.5
70.55
70.6
70.625
70.65
70.7
70.75
70.8
70.85
71
71.05
71.1
71.125
71.15
71.2
71.25
71.3
71.35
71.375
71.4
71.45
71.5
71.55
71.6
71.625
71.65
71.7
71.75
71.8
71.85
71.9
71.95
72
72.05
72.1
72.125
72.15
72.2
72.25
72.3
72.35
72.375
72.4
72.45
72.5
72.55
72.6
72.625
72.65
72.7
72.75
72.8
72.85
73
73.05
73.1
73.15
73.2
73.25
73.3
73.35
73.375
73.4
73.45
73.5
73.55
73.6
73.65
73.7
73.75
73.8
73.85
73.9
73.95
74
74.05
74.1
74.15
74.2
74.25
74.3
74.35
74.4
74.45
74.5
74.55
74.6
74.65
74.7
74.75
74.8
74.85
75
75.05
75.1
75.15
75.2
75.25
75.3
75.35
75.375
75.4
75.45
75.5
75.55
75.6
75.65
75.7
75.75
75.8
75.85
75.9
75.95
76
76.05
76.1
76.15
76.2
76.25
76.3
76.35
76.4
76.45
76.5
76.55
76.6
76.65
76.7
76.75
76.8
76.85
76.9
76.95
77
77.05
77.1
77.15
77.2
77.25
77.375
77.4
77.45
77.5
77.55
77.6
77.65
77.7
77.75
77.8
77.85
77.9
77.95
78
78.05
78.1
78.15
78.2
78.25
78.3
78.35
78.4
78.45
78.5
78.55
78.6
78.65
78.7
78.75
78.8
78.85
79
79.05
79.1
79.15
79.2
79.25
79.3
79.35
79.375
79.4
79.45
79.5
79.55
79.6
79.65
79.7
79.75
79.8
79.85
79.9
79.95
80
80.05
80.1
80.15
80.2
80.25
80.3
80.35
80.4
80.45
80.5
80.55
80.6
80.65
80.7
80.75
80.8
80.85
80.9
80.95
81
-1
0
0
0
0
0
0
0
0
0
0
0,1
0,1
0,1
0,1
0,1
0,1
0,1
0,1
0,1
0,1
0,2
0,2
0,2
0,2
0,2
0,2
0,2
0,2
0,2
0,2
1,2
2
2
0,2
2
1,2
2
2
0,2
2
0
0
1
2
2
2
1
0
1
0
1
2
0
2
2
0
1
0
2
2
0
2
0
1
2
0
2
2
1
0
0
0
0
0
0
0
0
0
2
2
2
2
2
2
2
2
2
2
2
2
2
2
2
2
2
2
2
2
2
2
2
2
2
2
2
2
2
2
2
0
0
0
0
0
0
0
0
1
1
1
1
1
1
1
1
1
1
1
1
1
1
1
1
1
1
1
1
1
1
1
1
1
1
1
1
1
1
1
0,2
0,2
0,2
0,2
0,2
0,2
0,2
1,2
1,2
1,2
1,2
1,2
1,2
1,2
1,2
1,2
1,2
1,2
1,2
1,2
1,2
1,2
1,2
1,2
1,2
1,2
1,2
1,2
1,2
1,2
1,2
1,2
1,2
1,2
1,2
1,2
1,2
1,2
0,2
0,2
0,2
0,2
0,2
0,2
0,1
0,1
0,1
0,1
0,1
0,1
0,1
0,1
0,1
0,1
0,1
0
0
0,2
0
0
0
0
0,1
0
0
0
0
0,2
0
0
0
0
0,1
0
0
0
0
1
0,2
0,2
0,2
0,2
0,2
0,2
0,2
0,2
0,2
0,2
0,2
0,2
0,2
0,2
0,2
0,2
0,2
0,2
0,2
0,2
0,2
0,2
0,2
0,2
0,2
0,2
0,2
0,2
0,2
0,2
0,2
1
1,2
1,2
1,2
1,2
1,2
1,2
1,2
1,2
1,2
1,2
1,2
1,2
1,2
1,2
1,2
1,2
1,2
1,2
1,2
1,2
1,2
1,2
1,2
1,2
1,2
1,2
1,2
1,2
1,2
1,2
1,2
1
0,2
0,2
0,2
0,2
0,2
0,2
0,2
0,2
0,2
0,2
0,2
0,2
0,2
0,2
0,2
0,2
0,2
0,2
0,2
0,2
0,2
0,2
0,2
0,2
0,2
0,2
0,2
0,2
0,2
0,2
0,2
1
1
1
1
1
1
2
2
2
2
2
2
2
2
2
2
2
1
1
0
0
0
0
0
0
0
0
0
0
0
0
0
0
0
0
0
0
0
0
0
0
0
0
0
0
0
0
0
0
0
0,1
0,1
0,1
0,1
0,1
0,1
0,1
0,1
0,1
0,1
1,2
1,2
1,2
1,2
1,2
1,2
1,2
1,2
1,2
0,1
1
1
1
1
1,2
1
1
1
1
0,1
1
1
1
1
1,2
1
1
1
1
1
0
2
0
2
0
2
0
1
0
1
2
1
0
1
2
0
1
2
2
1
0
0
2
1
1
2
0
0
1
2
0
1
1
2
1
0
2
1
0
0
1
2
1
2
1
0
0
2
0,1,2
0,2
0,1,2
0,2
0,1
1,2
1,2
0,2
0,2
0
0,1
0
0,2
0
0,1
0
0,1,2
0,1,2
0,1,2
0,1,2
2,0
2
2,1
2
2,0
2
2,1
2
0,1,2
0,1,2
0,1,2
0,1,2
2,0
2
2
2,1
2
2
2
2
2
0
0
0
0
0
0
0,2
0
0
0,1
0
0
0
0
0,1
0
0
0,2
0
0
0
0
0,1
0,2
0
0
0
0
0
0,2
0
0
0,1
0
0
0
0
0,1
0
0
0,2
0
0
0
0
0
0
2
2
2
2
2
2,1
2
2
2,0
2
2
2
2
2,0
2
2
2,1
2
2
2,0
2
2
2,0
2
2
2
2
2
2,1
2
2
2,0
2
2
0,1
0
0
0,2
0
0
0
0
0
1
1
1
1
1
1
1,2
1
1
1,0
1
1
1
1
1,0
1
1
1,2
1
1
1
1
1,0
1,2
1
1
1
1
1
1,2
1
1
1,0
1
1
2,0
2
2
2,1
2
2
2
2
2
2
0
0
0
0
0
0,2
0
0
0
0
0
0
0
0,1
0
0
0,1
0
0
0,2
0
0
0,1
0
0
0
0
0
0,1
0
0
0,2
0
0
0
0
0
0
0
0,1
0
0
0,2
0,2
0,2
0,2
0,2
0,2
0,2
0,2
0,2,1
0,2
0,2
0,2
0,2
0,2
0,2
0,2
0,2
0,2
0,2,1
0,2
0,2
0,2
0,2
0,2
0,2
0,2
0,2
0,2
0,2,1
0,2
0,2
0,1
0,1
0,1
0,1
0,1
0,1
0,1
0,1
0,1
1
1
1
1
1
1
1
1
1
1
1
1
1
1
1
1
1
1
1
1
1
1
1
1
1
1
1
1
1
1
1
1
0
0
0
0
0
0
1,2
1,2
1,2
1,2
1,2
1,2
1,2
1,2
1,2
1,2
1,2
1,2
1,2
1,2
1,2
1,2
1,2
1,2
1,2
1,2
1,2
1,2
1,2
1,2
1,2
1,2
1,2
1,2
1,2
1,2
1,2
2
2
2
2
2
2
2
2
1
1
1
1
1
1
1
1
1
1
2
2
1
1
0
0
0
0
0
0
0
0
0
0
0
0
0
0
0
0
0
0
0
0
829
