2
160
318
0
1
1.25
1.5
1.75
2
2.25
2.5
2.75
3
3.25
3.5
3.75
4
4.25
4.5
4.75
5
5.25
5.5
5.75
6
6.25
6.5
6.75
7
7.25
7.5
7.75
8
8.25
8.5
8.75
9
9.125
9.25
9.3
9.4
9.5
9.6
9.7
9.75
9.875
10
10.083
10.167
10.25
10.5
10.625
10.7
10.8
10.9
11
11.125
11.1875
11.25
11.375
11.4375
11.5
11.625
11.6875
11.75
11.875
11.9375
12
12.125
12.1875
12.25
12.375
12.4
12.5
12.6
12.625
12.75
13
13.125
13.25
13.375
13.5
13.625
13.75
13.875
14
14.125
14.5
14.75
15
15.375
15.75
16.125
16.5
16.75
17
17.5
18
18.5
19
19.5
20
20.5
21
21.5
22
22.5
23
23.5
24
24.5
25
25.25
25.5
25.75
26
26.25
26.5
26.75
27
27.25
27.5
27.75
28
28.25
28.5
28.75
29
29.25
29.5
29.75
30
30.25
30.5
30.75
31
31.25
31.5
31.75
32
32.1
32.2
32.3
32.4
32.5
32.6
32.7
32.8
32.9 
33
33.125
33.25
33.75
33.8125
33.875
33.9375
34
34.0833
34.1667
34.25
34.5
34.625
35
35.125
35.25
35.375
35.5
35.625
35.75
35.875
36
36.125
36.1875
36.25
36.375
36.625
36.75
37
37.125
37.25
37.375
37.5
37.625
37.75
37.875
38
38.125
38.5
38.75
39
39.375
39.75
40.125
40.5
40.75
41.25
41.375
41.5
41.625
42
42.25
42.5
42.75
43
43.25
43.5
43.75
44
44.375
44.75
45
45.125
45.25
45.5
45.625
45.75
46
46.0833
46.1667
46.25
46.3333
46.4167
46.5
46.6667
46.8333
47
47.125
47.25
47.375
47.5
47.625
47.75
47.875
48
48.125
48.25
48.375
48.5
48.625
48.75
48.875
49
50
51
52
53
53.5
54
54.5
55
55.25
55.5
55.75
56
56.125
56.25
56.375
56.5
56.625
56.75
56.875
57
58
59
60
61
61.5
62
62.5
63
63.5
64
64.5
65
65.25
65.5
65.75
66
66.25
66.5
66.75
67
67.25
67.5
67.75
68
68.25
68.5
68.75
69
69.125
69.25
69.375
69.5
69.625
69.75
69.875
70
70.125
70.25
70.375
70.5
70.625
70.75
70.875
71
71.0625
71.125
71.1875
71.25
71.3125
71.375
71.4375
71.5
71.5625
71.625
71.6875
71.75
71.8125
71.875
71.9375
-1
1
0
1
2
2
2
1
0
2
0
1
2
2
2
1
0
1
0
1
2
2
2
1
0
2
0
1
2
2
2
1
0
0
1
2
2
2
2
2
2
1
0
2
1
0
0
1
2
2
2
2
0
0
1
2
1
2
0
2
0
1
0
2
0
0
1
2
0
0
0
0
1
2
3
2
1
0
2
1
0
2
0
1
1
2
3
0,1,2
0,2
0,2
3
0,1,2
3
0,1,2
0
2
1
0,2
0
2
1
1
0,2
1
0
2
0,1
1,2
0
2
1
1
0
2
0,2
1
0
0,2
0
0,1
2
2,1
2
2,0
1
1,2
1
1,0
1
1,0
1
1,2
0
2
1
1
0,2
0,2
0,2
0,2
0,2
3
0,2
0,2
0,2
0,2
0
1
2
0
1
2
0
2
1
0
3
0
2
0
1
2
2
1
0
1
2
1
0
1
0
1
0
1
0
0
2
2
1
1
0
0
0
1
1
2
0
1
2
0,1
3
1,2
2
1
0
1
2
1
0
1
0
1
0,1
1,2
1,2
0,2
3
2
1
0
1
2
0
0
1
0
1
2
1
0
1
2
0
0
1
2
2
1
0
0
1
0
0
1
1
2
2
2
0
3
0,1,2
0,1
1,2
1
0
2
3
1
0,2
0,1
1,2
0
1
1
0
0
1
2
2
3
0,2
3
0,2
1
0,2
1
0,2
1
3
1
3
0
3
2
3
1
0,1
1
1,2
1
3
2
3
0
3
1
3
0
0
1
2
2
1
0
0
1
2
2
1
0
0
1
2
0
0
1
2
2
1
0
0
1
2
2
1
0
0
1
3