1
256
227
0
1
1.25
1.75
2
2.25
2.75
3
3.25
3.75
4
4.25
4.75
5
5.25
5.75
6
6.25
6.75
7
7.25
7.75
8
8.25
8.75
9
9.25
9.75
10
10.25
10.75
11
11.25
11.75
12
12.25
12.75
13
13.25
13.75
14
14.25
14.75
15
15.25
15.75
16
16.25
16.75
17
17.25
17.5
17.75
18
18.25
18.5
18.75
19
19.5
21
21.25
21.5
21.75
22
22.25
22.5
22.75
23
23.125
23.25
23.375
23.5
23.625
23.75
23.875
24
24.125
24.25
24.375
24.5
24.625
24.75
24.875
25
25.25
25.5
25.75
26
26.25
26.5
26.75
27
27.5
29
29.25
29.5
29.75
30
30.25
30.5
30.75
31
32
33
33.25
33.5
33.75
34
34.25
34.5
34.75
35
35.5
37
37.5
38
38.5
39
39.1
39.2
39.3
39.4
39.5
39.6
39.7
39.8
39.9
40
41
41.25
41.5
41.75
42
42.25
42.5
42.75
43
43.5
45
45.25
45.5
45.75
46
46.25
46.5
46.75
47
48
49
49.25
49.5
49.75
50
50.25
50.5
50.75
51
51.5
53
53.5
54
54.5
55
55.1
55.2
55.3
55.4
55.5
55.6
55.7
55.8
55.9
56
57
57.25
57.5
57.875
58.125
58.375
58.5
58.625
58.75
59
59.25
59.5
59.875
60.125
60.375
60.5
60.625
60.75
61
61.25
61.5
61.875
62.125
62.375
62.5
62.625
62.75
63
63.25
63.5
63.875
64.125
64.375
64.5
64.625
64.75
65.5
66.5
67.5
68.375
69.5
70.5
71.5
72.375
72.75
73.5
74.5
75.5
76.375
77.5
78.5
79.5
80.375
80.75
-1
1
1
2
2
1
1
0
0
1
1
2
2
1
1
0
0
1
1
2
2
1
1
0
0
1
1
2
2
1
1
0
0
1
1
2
2
1
1
0
0
1
1
2
2
1
1
0
1
2
2
1
0
0
1
2
2
0,1
1,2
0
0
1
2
2
1
0
0
1
0
0
1
2
2
1
0
0
1
2
2
1
2
2
1
1
0
1
2
0
1
2
0
1,2
0,2
0
1,2
2
0,1
0
1,2
2
1,2
0,2
1,2
2
1
0
1
2
1
0
1
0,2
0,2
0,2
1
0,2
1
0,2
0,2
0,2
0,2
0,2
0,2
0,2
0,2
0,2
0,2
0,2
1
0
2
1
1
2
0
1
0,1
1,2
0
0
1
1
2
2
1
1
0,2
1
1,2
1,2
0,2
0,2
0,1
0,1
1,2
1,2
1
0,2
0,1
1,2
0,2
0,1,2
0,2
0,2
0,2
0,2
0,2
0,2
0,2
0,2
0,2
0,2
0,2
0
0
2
0
0
0
2
0
1
0
0
2
0
0
0
2
0
1
2
2
0
2
2
2
0
2
1
2
2
0
2
2
2
0
2
1
0,2
0,1
1,2
0,1,2
0,2
0,1
1,2
0,2
1
0,2
1,2
0,1
2
0,2
1,2
0,1
0,1,2
1
227
