0
120
250
0
5.25
5.75
6.25
6.75
7.25
7.75
8.25
8.75
9
9.375
9.4
9.425
11
11.375
11.4
11.425
13
13.375
13.4
13.425
15
15.025
15.375
15.4
17
17.375
17.4
19
19.375
19.4
21
21.375
21.4
23
23.025
23.375
23.4
23.425
25
25.125
25.25
25.375
25.5
25.625
25.75
25.875
26
26.25
26.5
26.75
27
27.125
27.25
27.375
27.4
27.425
27.5
27.625
27.75
27.875
28
28.25
28.5
28.75
29
29.25
29.375
29.5
29.75
30
30.125
30.25
30.375
30.5
30.625
30.75
30.875
31
31.25
31.375
31.5
31.75
32
32.125
32.25
32.375
32.5
32.625
32.75
32.875
33
33.05
33.1
33.15
33.2
33.25
33.3
33.375
33.4
33.45
33.5
33.55
33.6
33.65
33.7
33.75
33.8
33.85
33.9
33.95
34
34.05
34.1
34.15
34.2
34.25
34.3
34.35
34.4
34.45
34.5
34.55
34.6
34.65
34.7
34.75
34.8
34.85
34.9
34.95
35
35.05
35.1
35.15
35.2
35.25
35.3
35.375
35.4
35.45
35.5
35.55
35.6
35.65
35.7
35.75
35.8
35.85
35.9
35.95
36
36.05
36.1
36.15
36.2
36.25
36.3
36.35
36.4
36.45
36.5
36.55
36.6
36.65
36.7
36.75
36.8
36.85
36.9
36.95
37
37.05
37.1
37.15
37.2
37.25
37.375
37.4
37.45
37.5
37.55
37.6
37.65
37.7
37.75
37.8
37.85
37.9
37.95
38
38.05
38.1
38.15
38.2
38.25
38.3
38.35
38.4
38.45
38.5
38.55
38.6
38.65
38.7
38.75
38.8
38.85
38.9
38.95
39
39.05
39.1
39.15
39.2
39.25
39.3
39.375
39.4
39.45
39.5
39.55
39.6
39.65
39.7
39.75
39.8
39.85
39.9
39.95
40
40.05
40.1
40.15
40.2
40.25
40.3
40.35
40.4
40.45
40.5
40.55
40.6
40.65
40.7
40.75
40.8
40.85
40.9
40.95
-1
1,2
2
0,1
0
0,2
0,2
0,1,2
3
0
0
1
2
2
2
1
0
1
0
1
2
0
2
2
0
1
0
2
2
0
2
0
1
2
0
2
2
1
0
3
0
0,1
3
0,2
0
0,1
0
0,1,2
3
0,1,2
0,1,2
0
1
2
0
1
2
0
1
2
1
0,2
0,1,2
0,1,2
0,1,2
3
0,1,2
3
0,1,2
0,1,2
0
1
2
2
1
0
1
2
0,2
3
0,2
0,1,2
3
2
1
0
0
1
2
1
0
3
0
0
0
0
0,1,2
0
2
2
2
3
2
2
2
2
0,1,2
2
2
2
2
3
2
2
2
2
0,1,2
2
2
2
2
3
2
2
2
2
0,1,2
2
2
2
2
3
2
2
2
2
0,1,2
2
0
0
0
3
0
0
0
0
0,1,2
0
0
0
0
3
0
0
0
0
0,1,2
0
0
0
0
0
0
0
0
0
0
0
0
0
0
3
0,2
0,2
0,2
0,2
0,1,2
3
0,2
0,2
0,1,2
0,2
0,2
0,2
0,2
0,1,2
0,2
0,2
0,2
0,2
0,1,2
0,2
0,2
0,2
0,2
0,1,2
0,2
0,2
0,2
0,2
0,1,2
0,2
0,2
0,2
0,2
0,2
0,2
0,2
0,2
0,2
0,1
0
0
0
0
0,1
0
2
2
2
2,2
2
2
2
2
1,2
2
2
1
0
0,1
0
0
0
0
0,1
0
0
0
0
0,1
0
0
0
0
0,1
0
0
0
0